Start
5171356
860
860
852
856
852
440
428
428
428
428
428
428
420
2140
6404
5980
6408
6408
5976
6408
5980
6408
6408
5980
6404
5976
6408
6408
5980
6408
6408
5976
6408
5980
6408
6404
5984
6404
5980
6408
6404
5980
6408
5980
6404
6412
5976
6408
5980
6404
6408
5984
6404
6404
5980
6408
5980
6408
6404
5984
6404
5980
6408
6404
5984
6400
5980
6408
6404
5984
6408
6404
5980
6408
5980
6408
6404
5980
6408
5980
6408
6404
5980
6408
5980
6404
6408
5980
6408
5976
6408
6408
5980
6404
6412
5976
6408
5980
6408
6404
5980
6408
5984
6404
6404
5980
6408
5980
6404
6408
5980
6408
5980
6408
6408
5976
6408
6404
5984
6404
5980
6404
6408
5984
6404
5980
6408
6404
5980
6404
5980
6408
6404
5984
6408
6404
5980
6404
5984
6408
6404
5976
6412
5976
6408
6412
5976
6408
5980
6404
6412
5976
6408
5976
6408
6408
5980
6404
6408
5980
6408
5980
6408
6404
5980
6404
5988
6404
6404
5980
6404
5980
6408
6408
5980
6408
6404
5980
6404
5980
6408
6408
5980
6408
5980
6404
6408
5980
6408
5980
6408
6400
5984
6408
5976
6408
6404
5984
6404
6412
5976
6404
5984
6404
6408
5976
6412
5976
6408
6408
5980
6408
5980
6404
6408
5976
6408
6408
5984
6404
5976
6408
6408
5980
6408
5980
6404
6408
5980
6404
5980
6412
6404
5976
6408
5980
6408
6408
5980
6408
6404
5980
6408
5980
6408
6404
5976
6408
5980
6408
6404
5984
6408
5980
6404
6404
5980
6408
5980
6408
6408
5976
6412
6404
5980
6404
5984
6400
6412
5976
6416
5972
6408
6404
5984
6404
5980
6408
6408
5976
6408
6408
5976
6412
5976
6408
6408
5980
6408
5976
6408
6408
5976
6408
5980
6404
6408
5980
6408
5980
6408
6408
5980
6404
6408
5976
6408
5980
6404
6412
5976
6408
5980
6408
6404
5980
6412
5980
6404
6404
5980
6408
6408
5976
6408
5980
6408
6404
5984
6404
5984
6404
6404
5980
6412
5976
6408
6404
5980
6408
5980
6408
6404
5980
6404
6412
5976
6408
5980
6408
6408
5976
6408
5980
6408
6404
5984
6404
5980
6408
6404
5980
6408
5980
6408
6408
5976
6412
6404
5976
6408
5984
6400
6408
5980
6408
5980
6408
6404
5980
6404
5984
6408
6404
5980
6404
6416
5972
6404
5984
6404
6408
5984
6400
5984
6404
6408
5980
6408
5980
6408
6404
5980
6408
5980
6408
6404
5976
6408
6412
5976
6408
5980
6404
6412
5976
6408
5976
6412
6404
5984
6404
5976
6408
6408
5980
6408
6408
5976
6408
5980
6404
6408
5980
6408
5976
6408
6408
5980
6408
5980
6404
6408
5980
6404
5980
6412
6404
5980
6404
6412
5976
6404
5984
6404
6408
5980
6404
5980
6408
6408
5980
6408
5980
6408
6404
5980
6408
5980
6408
6400
5980
6408
6412
5976
6408
5980
6404
6408
5980
6408
5976
6408
6408
5976
6412
5976
6408
6408
5980
6408
6408
5976
6408
5980
6404
6408
5980
6404
5980
6408
6408
5980
6408
5980
6404
6408
5976
6408
5980
6408
6408
5976
6408
6408
5980
6404
5984
6404
6408
5980
6404
5980
6408
6408
5980
6404
5980
6404
6408
5984
6408
6404
5976
6408
5980
6408
6408
5980
6404
5984
6404
6404
5980
6412
5976
6404
6412
5976
6408
5980
6408
6408
5980
6404
6404
5984
6404
5984
6404
6408
5980
6404
5980
6408
6408
5980
6408
5980
6404
6408
5976
6408
6408
5976
6408
5980
6408
6408
5980
6404
5984
6404
6404
5980
6408
5980
6408
6408
5976
6408
5980
6404
6408
5984
6400
6412
5976
6408
5980
6408
6404
5980
6408
5980
6408
6404
5984
6404
5980
6404
6412
5976
6408
5980
6408
6408
5976
6408
6404
5980
6408
5980
6408
6408
5980
6404
5980
6408
6408
5980
6404
5980
6408
6404
5980
6408
6408
5976
6408
5980
6408
6404
5984
6404
5980
6404
6408
5980
6408
5980
6404
6408
5980
6408
5980
6404
6408
5976
6408
6408
5980
6408
5980
6408
6404
5976
6408
5984
6408
6404
5976
6408
5980
6408
6412
5976
6408
6404
5980
6408
5980
6408
6404
5984
6404
5976
6412
6408
5976
6408
5980
6408
6408
5976
6408
5976
6412
6404
5980
6404
6412
5976
6408
5980
6408
6404
5980
6408
5980
6404
6408
5980
6408
5980
6404
6408
5980
6408
5980
6404
6408
5976
6408
6408
5980
6408
5980
6404
6408
5980
6404
5984
6400
6412
5976
6408
5980
6408
6408
5980
6408
6404
5980
6408
5980
6408
6404
5976
6416
5972
6408
6408
5980
6408
5980
6404
6408
5980
6408
5976
6412
6404
5980
6404
6408
5980
6408
5980
6408
6400
5984
6404
5980
6408
6408
5980
6404
5980
6408
6408
5980
6408
6404
5980
6408
5976
6408
6408
5980
6408
5976
6408
6408
5980
6404
5980
6408
6408
5976
6408
5980
6408
6408
5972
6412
6408
5980
6404
5984
6408
6404
5976
6408
5980
6408
6408
5980
6408
5980
6404
6404
5984
6404
5984
6400
6412
5984
6400
6408
5980
6408
5980
6404
6404
5984
6404
5980
6408
6408
5976
6408
5980
6408
6408
5980
6408
6404
5976
6408
5980
6392
6836
5980
5972
5984
6420
6408
5964
6832
5572
6404
6824
5564
6392
5996
6408
6404
5980
6404
6412
5980
6404
6392
5980
6832
5568
6392
5976
6836
5980
5980
6424
5980
6404
6820
5568
6408
6404
5980
6396
6000
6808
5984
5996
6408
5972
6396
6420
6396
5992
5964
6420
6412
5960
6832
5572
6408
6816
5572
6388
6832
5568
6392
5976
6836
6000
5976
6404
5980
6412
6404
5980
6392
5980
6420
6392
5980
6836
5992
5964
6832
5984
5980
6420
5980
6392
5980
6832
5996
5964
6424
5980
6388
6836
5568
6388
6836
5568
6408
5964
6832
5996
5980
6820
5568
6388
6836
5980
5992
5968
6420
6408
5964
6832
5984
5976
6836
5568
6388
6000
6820
5992
5964
6832
6000
5956
6424
5984
6392
6828
5572
6392
5976
6836
5996
5964
6424
5972
6396
6424
5980
6408
6408
5976
6416
5972
6820
5992
5976
6404
5984
6396
6420
5980
6408
5960
6836
5996
5976
6820
5984
5976
6424
5976
6396
6420
5976
6392
5980
6424
6412
5972
6828
5972
5980
6424
5980
6392
5992
6408
6392
5976
6836
5996
5964
6832
5984
5992
6404
5984
6408
5976
6820
5996
5976
6408
5980
6392
6424
6392
5992
6404
5984
6408
5964
6832
5992
5964
6424
5980
6392
6424
5972
6412
5980
6820
5996
5960
6428
5980
6388
6832
5568
6392
6424
6392
5992
5968
6420
6400
5968
6424
5984
6388
6836
5564
6408
5964
6832
6000
5964
6832
5568
6392
6832
5980
5980
6420
6392
5996
5980
6408
6404
5964
6428
5976
6388
6424
6396
5992
5964
6420
6412
5976
6824
5564
6408
6408
5976
6396
6420
5980
6388
5980
6832
6000
5964
6420
5980
6392
6836
5560
6412
6816
5984
5976
5984
6832
5996
5964
6832
5980
5996
6404
5984
6404
5964
6836
5980
5992
6820
5568
6392
6420
5980
6408
6816
5980
6000
5960
6420
6392
5996
6408
5980
6392
6420
5984
6408
5976
6408
6408
5960
6420
6392
5984
6832
5564
6412
6816
5568
6404
5968
6836
5992
5964
6424
5976
6392
6836
5568
6408
5960
6836
5996
5980
6408
5976
6392
6424
5976
6396
6832
5568
6408
5968
6828
5980
5980
6836
5564
6392
6420
6396
5980
5980
6832
5992
5964
6840
5568
6404
6404
5980
6408
6820
5568
6392
5980
6832
5996
5964
6836
5568
6388
6420
5980
6408
5980
6820
5980
5976
6836
5996
5964
6836
5976
6000
6404
5984
6408
5972
6404
6416
5960
6832
5572
6392
6832
5980
5976
5996
6820
5996
5964
6420
6392
5980
6836
5564
6412
6812
5984
5996
5976
6820
5996
5964
6832
5568
6396
6832
5568
6408
6404
6392
5976
5996
6408
6408
5964
6832
5564
6392
6840
5564
6412
5960
6836
5976
5996
6408
5980
6392
6832
5980
5980
6836
5976
5992
5968
6428
6404
5976
6408
5980
6408
6820
5980
5996
5964
6420
6404
5964
6840
5976
5992
6408
5984
6404
6408
6388
5984
5976
6836
5996
5964
6832
5564
6412
6408
6392
5992
5980
6404
6412
5960
6836
5996
5964
6836
5976
5980
6836
5564
6404
5968
6836
5992
5972
6416
5980
6408
6816
5568
6408
6820
5568
6404
5968
6424
6400
5984
6404
6392
5996
6408
6392
5992
5980
6408
6404
5968
6832
5980
5976
6836
5980
6000
6812
5568
6412
5976
6408
6408
5960
6428
6384
5984
6832
5980
5992
5968
6832
5980
5996
6408
5976
6412
6408
6388
5996
6816
5568
6408
5964
6836
5996
5964
6416
5984
6408
6404
6392
5996
5976
6408
6408
5964
6832
6000
5960
6836
5568
6408
6404
6392
5996
5964
6832
5996
5968
6832
5568
6404
6820
5976
5992
6824
5980
5980
5980
6832
5996
5980
6820
5976
5980
6836
5976
5996
5968
6424
6404
5980
6408
6392
5992
6820
5980
5992
5984
6408
6400
5968
6836
5980
5976
6424
6392
5992
6820
5564
6412
5960
6428
6404
5964
6832
5568
6392
6836
5980
5996
6404
6392
5996
5964
6420
6408
5984
6816
5564
6396
6832
5976
6000
5960
6836
5980
5996
6404
5984
6408
6404
6392
5992
6408
6388
6000
5964
6424
6404
5980
6816
5568
6412
6404
5980
6392
5992
6408
6408
5960
6836
5980
5980
6420
5980
6408
6820
5568
6392
5980
6832
5992
5984
6820
5976
5980
6832
5576
6400
6820
5980
5996
5960
6836
5980
5996
6820
5976
5996
6820
5980
5992
5968
6420
6408
5980
6408
5980
6408
6812
5572
6404
6408
6392
5992
5968
6832
5976
6000
6816
5980
5992
6408
5984
6388
5996
6404
6408
5980
6412
6384
5980
6836
5980
5992
6820
5568
6408
5980
6816
5984
5996
6404
6392
5976
6836
5980
5996
5964
6832
5984
5992
6408
6392
5996
6408
5976
6408
6404
5984
6404
5964
6836
5980
5980
6828
5572
6408
6820
5564
6408
5980
6820
5992
5984
6408
6404
5964
6420
6392
5996
6820
5568
6404
5964
6836
5976
6000
6812
5572
6392
6832
5568
6408
6820
5976
5996
5964
6836
5992
5984
6816
5980
5980
6420
5984
6404
5968
6828
5984
5996
6408
6388
5992
6404
5984
6408
6408
6392
5992
5980
6408
6408
5960
6424
5976
6412
6816
5568
6408
5964
6416
6400
5992
6820
5564
6396
6828
5984
5992
6820
5568
6392
5996
6408
6388
5996
6408
5972
6396
6832
5984
5996
5964
6832
5980
5996
6820
5568
6408
6816
5568
6388
6836
5568
6408
5980
6404
6408
5984
6812
5984
5996
6812
5984
5976
6836
5568
6404
5984
6816
5980
5984
6828
5572
6408
6816
5980
5996
5964
6832
5996
5980
6408
6392
5992
6820
5980
5996
6816
5980
5996
5964
6836
5976
5996
6820
5980
5980
6828
5572
6404
5980
6412
6388
5980
6832
5564
6412
6820
5976
6000
6404
5976
6412
5980
6404
6392
5980
6424
6392
5992
6820
5976
6000
5980
6408
6384
6000
6816
5980
5980
6836
5976
6000
6816
5568
6392
5976
6428
6404
5976
6820
5568
6408
6820
5980
5996
5980
6812
5984
5976
6428
6388
5996
6816
5980
5996
6408
5980
6408
5980
6404
6408
5980
6400
6396
6000
6812
5568
6408
5980
6820
5980
5996
6404
6392
5992
6412
6388
5996
6820
5568
6404
5968
6832
5976
5996
6820
5980
5992
6408
6392
5996
5980
6816
5984
5980
6832
5980
5996
6816
5980
5980
6424
6392
5996
5976
6816
5984
5992
6824
5976
5996
6820
5568
6408
6400
5984
6392
5996
6816
5996
5964
6424
6388
5996
6820
5980
5976
5984
6832
5976
5996
6404
5984
6408
6820
5976
5996
6820
5564
6408
5980
6820
5996
5976
6820
5568
6392
6836
5976
5980
6000
6816
5976
5996
6816
5996
5980
6820
5568
6408
6404
6392
6000
5980
6404
6404
5980
6820
5568
6408
6816
5564
6400
5992
6816
5996
5984
6816
5992
5980
6408
5980
6408
6820
5564
6396
5976
6836
5976
5996
6816
5984
5992
6408
6392
5996
5980
6816
5992
5968
6836
5976
5996
6820
5980
5980
6416
5984
6408
5980
6816
5980
5980
6836
5564
6408
6820
5980
5992
6408
5980
6404
5984
6820
5992
5964
6836
5564
6412
6816
5976
5984
5996
6408
6408
5976
6816
5984
5976
6832
5984
5992
6412
5976
6408
5980
6408
6408
5976
6820
5568
6408
6404
5984
6388
5996
6404
6408
5980
6408
6408
5976
6820
5568
6404
6408
5984
6388
5996
6400
6412
5980
6408
5980
6404
6820
5568
6408
5980
6408
6388
5996
6816
6000
5976
6412
5976
6388
6424
5984
6404
5980
6408
6404
5980
6816
5984
5976
6836
5976
5980
6000
6816
5980
5980
6832
5976
6000
6820
5980
5976
6832
5980
5980
5996
6820
5980
5980
6832
5976
6000
6816
5980
5980
6832
5984
5976
5996
6816
5984
5980
6832
5980
5976
6428
6388
5980
5980
6836
5980
5992
6780
